[[-1.56094, -1.45028, 3.1562, 0.06778],
[-1.35473, -1.52276, 3.44774, 0.0634],
[-1.13742, -1.58155, 3.79382, 0.05934],
[-0.90887, -1.62818, 4.0, 0.05831],
[-0.66862, -1.66394, 4.0, 0.06072],
[-0.41647, -1.69032, 4.0, 0.06338],
[-0.15221, -1.7087, 3.71298, 0.07134],
[0.12441, -1.72025, 3.07932, 0.08991],
[0.41436, -1.72577, 2.65729, 0.10914],
[0.7216, -1.72582, 2.36211, 0.13007],
[1.02622, -1.72113, 2.12721, 0.14322],
[1.32102, -1.70186, 1.88207, 0.15697],
[1.59848, -1.66053, 1.68101, 0.16687],
[1.85089, -1.59316, 1.49027, 0.1753],
[2.07185, -1.49942, 1.3, 0.18463],
[2.25743, -1.38197, 1.3, 0.16894],
[2.40528, -1.24465, 1.3, 0.15522],
[2.51159, -1.0909, 1.3, 0.14379],
[2.57214, -0.92509, 1.3, 0.13578],
[2.57873, -0.75262, 1.3, 0.13277],
[2.51244, -0.58525, 1.68257, 0.10699],
[2.39749, -0.43028, 1.96073, 0.09841],
[2.24046, -0.29111, 2.31251, 0.09073],
[2.04759, -0.16934, 2.92399, 0.07801],
[1.82885, -0.06256, 4.0, 0.06085],
[1.59614, 0.03523, 4.0, 0.06311],
[1.33521, 0.15095, 4.0, 0.07136],
[1.07629, 0.27114, 4.0, 0.07136],
[0.81906, 0.39506, 4.0, 0.07138],
[0.56327, 0.52217, 4.0, 0.07141],
[0.30871, 0.65199, 3.76466, 0.0759],
[0.05518, 0.7841, 3.31983, 0.08611],
[-0.19737, 0.91837, 2.97559, 0.09612],
[-0.44348, 1.04352, 2.69788, 0.10234],
[-0.69012, 1.158, 2.38599, 0.11396],
[-0.93695, 1.25662, 2.11954, 0.1254],
[-1.18304, 1.33464, 1.90047, 0.13585],
[-1.42685, 1.38812, 1.65923, 0.15043],
[-1.66614, 1.41369, 1.65923, 0.14504],
[-1.89808, 1.40859, 1.65923, 0.13982],
[-2.11834, 1.36842, 1.65923, 0.13494],
[-2.3208, 1.28875, 1.65923, 0.13113],
[-2.4968, 1.16519, 1.65923, 0.1296],
[-2.62878, 0.98994, 1.99752, 0.10983],
[-2.72235, 0.78249, 2.17722, 0.10453],
[-2.77637, 0.55124, 2.35874, 0.10068],
[-2.79055, 0.30645, 2.56201, 0.09571],
[-2.7681, 0.05963, 2.68382, 0.09234],
[-2.71299, -0.1798, 2.44078, 0.10066],
[-2.63019, -0.40542, 2.44078, 0.09847],
[-2.52494, -0.61413, 2.44078, 0.09577],
[-2.40146, -0.80493, 2.44078, 0.09311],
[-2.26276, -0.97765, 2.44078, 0.09076],
[-2.10925, -1.12998, 2.44078, 0.0886],
[-1.9391, -1.25649, 2.69294, 0.07873],
[-1.75594, -1.3623, 2.89987, 0.07294]]